%YAML:1.0
---
R: !!opencv-matrix
   rows: 3
   cols: 3
   dt: d
   data: [ 9.9773963531320276e-01, -1.6902817256503493e-02,
       6.5037795887241123e-02, 1.3855674807483311e-02,
       9.9879780130182416e-01, 4.7020978193472042e-02,
       -6.5754394535319560e-02, -4.6013551084815744e-02,
       9.9677435396174718e-01 ]
T: !!opencv-matrix
   rows: 3
   cols: 1
   dt: d
   data: [ -7.9916686606887041e+01, -2.7993383356565342e+00,
       5.0370007440791591e+00 ]
R1: !!opencv-matrix
   rows: 3
   cols: 3
   dt: d
   data: [ 9.9977354965678822e-01, 2.0929088869330849e-02,
       3.8500189304861224e-03, -2.1011858778041875e-02,
       9.9951722437866120e-01, 2.2887113428056868e-02,
       -3.3691538043065308e-03, -2.2962826687426129e-02,
       9.9973064241983012e-01 ]
R2: !!opencv-matrix
   rows: 3
   cols: 3
   dt: d
   data: [ 9.9741033301120974e-01, 3.4937496787280399e-02,
       -6.2864925997779403e-02, -3.6370493891273559e-02,
       9.9910064705179180e-01, -2.1796427110787220e-02,
       6.2046875639087090e-02, 2.4026410030002433e-02,
       9.9778400310112103e-01 ]
P1: !!opencv-matrix
   rows: 3
   cols: 4
   dt: d
   data: [ 1.5558519368015488e+03, 0., 6.6125264358520508e+02, 0., 0.,
       1.5558519368015488e+03, 4.9596756172180176e+02, 0., 0., 0., 1.,
       0. ]
P2: !!opencv-matrix
   rows: 3
   cols: 4
   dt: d
   data: [ 1.5558519368015488e+03, 0., 6.6125264358520508e+02,
       -1.2466136305677332e+05, 0., 1.5558519368015488e+03,
       4.9596756172180176e+02, 0., 0., 0., 1., 0. ]
Q: !!opencv-matrix
   rows: 4
   cols: 4
   dt: d
   data: [ 1., 0., 0., -6.6125264358520508e+02, 0., 1., 0.,
       -4.9596756172180176e+02, 0., 0., 0., 1.5558519368015488e+03, 0.,
       0., 1.2480626704626857e-02, 0. ]
