%YAML:1.0
---
M1: !!opencv-matrix
   rows: 3
   cols: 3
   dt: d
   data: [ 2.9178774883088340e+03, 0., 6.8592476335800245e+02, 0.,
       2.9039333423588619e+03, 5.7146720023857824e+02, 0., 0., 1. ]
D1: !!opencv-matrix
   rows: 1
   cols: 14
   dt: d
   data: [ -1.9371662284453756e-01, -7.2323651895378767e+00, 0., 0.,
       -3.3443288183767500e+01, 0., 0., -1.7245082214966007e+02, 0., 0.,
       0., 0., 0., 0. ]
M2: !!opencv-matrix
   rows: 3
   cols: 3
   dt: d
   data: [ 1.7471073511494685e+03, 0., 5.3955217929663445e+02, 0.,
       1.7280245111013166e+03, 4.6043792749147195e+02, 0., 0., 1. ]
D2: !!opencv-matrix
   rows: 1
   cols: 14
   dt: d
   data: [ -3.2690797207117739e-01, -3.1855369999401169e+00, 0., 0.,
       1.9775464360019652e+02, 0., 0., 1.8891497681351942e+02, 0., 0.,
       0., 0., 0., 0. ]
