%YAML:1.0
---
M1: !!opencv-matrix
   rows: 3
   cols: 3
   dt: d
   data: [ 5.3470649245152129e+02, 0., 3.3514233690864404e+02, 0.,
       5.3470649245152129e+02, 2.4020731723675473e+02, 0., 0., 1. ]
D1: !!opencv-matrix
   rows: 1
   cols: 14
   dt: d
   data: [ -2.7449716564887461e-01, -1.8418929297332503e-02, 0., 0., 0.,
       0., 0., -2.4433302622120875e-01, 0., 0., 0., 0., 0., 0. ]
M2: !!opencv-matrix
   rows: 3
   cols: 3
   dt: d
   data: [ 5.3470649245152129e+02, 0., 3.3401447655285028e+02, 0.,
       5.3470649245152129e+02, 2.4158784449068838e+02, 0., 0., 1. ]
D2: !!opencv-matrix
   rows: 1
   cols: 14
   dt: d
   data: [ -2.8076945039236190e-01, 9.3231206736055991e-02, 0., 0., 0.,
       0., 0., 1.6671834385177563e-02, 0., 0., 0., 0., 0., 0. ]
